global dataT


% dataT=[    1.00000e+01    2.08098e+02 
%     1.48029e+03    2.25247e+02
%     2.95059e+03    2.24581e+02
%     4.42088e+03    2.22161e+02
%     5.89118e+03    2.18680e+02
%     7.36147e+03    2.15205e+02
%     8.83176e+03    2.12625e+02
%     1.03021e+04    2.10481e+02
%     1.17724e+04    2.08531e+02
%     1.32426e+04    2.06609e+02
%     1.47129e+04    2.05089e+02
%     1.61832e+04    2.03569e+02
%     1.76535e+04    2.01588e+02
%     1.91238e+04    1.99539e+02
%     2.05941e+04    1.97020e+02
%     2.20644e+04    1.93913e+02
%     2.35347e+04    1.90807e+02
%     2.50050e+04    1.88286e+02
%     2.64753e+04    1.85896e+02
%     2.79456e+04    1.83543e+02
%     2.94159e+04    1.82968e+02
%     3.08862e+04    1.82393e+02
%     3.23565e+04    1.81829e+02
%     3.38268e+04    1.81992e+02
%     3.52971e+04    1.82156e+02
%     3.67674e+04    1.82320e+02
%     3.82376e+04    1.82047e+02
%     3.97079e+04    1.81617e+02
%     4.11782e+04    1.81188e+02
%     4.26485e+04    1.80629e+02
%     4.41188e+04    1.79472e+02
%     4.55891e+04    1.78314e+02
%     4.70594e+04    1.77157e+02
%     4.85297e+04    1.75803e+02
%     5.00000e+04    1.74189e+02];

dataT=[0.00000e+00    2.20538e+02
    1.47059e+03    1.93665e+02
    2.94118e+03    1.93770e+02
    4.41176e+03    1.94348e+02
    5.88235e+03    1.93179e+02
    7.35294e+03    1.90890e+02
    8.82353e+03    1.87991e+02
    1.02941e+04    1.84470e+02
    1.17647e+04    1.80936e+02
    1.32353e+04    1.77386e+02
    1.47059e+04    1.74095e+02
    1.61765e+04    1.70976e+02
    1.76471e+04    1.68137e+02
    1.91176e+04    1.65517e+02
    2.05882e+04    1.63094e+02
    2.20588e+04    1.61000e+02
    2.35294e+04    1.58940e+02
    2.50000e+04    1.57476e+02
    2.64706e+04    1.56013e+02
    2.79412e+04    1.54952e+02
    2.94118e+04    1.54156e+02
    3.08824e+04    1.53383e+02
    3.23529e+04    1.53353e+02
    3.38235e+04    1.53324e+02
    3.52941e+04    1.53535e+02
    3.67647e+04    1.54265e+02
    3.82353e+04    1.54995e+02
    3.97059e+04    1.55900e+02
    4.11765e+04    1.57177e+02
    4.26471e+04    1.58454e+02
    4.41176e+04    1.59731e+02
    4.55882e+04    1.61079e+02
    4.70588e+04    1.62435e+02
    4.85294e+04    1.63792e+02
    5.00000e+04    1.65089e+02];