    
global dataRo

% dataRo=[1.00000e+01    1.66836e-02
%     1.48029e+03    1.35400e-02
%     2.95059e+03    1.19480e-02
%     4.42088e+03    1.06188e-02
%     5.89118e+03    9.47294e-03
%     7.36147e+03    8.43011e-03
%     8.83176e+03    7.46079e-03
%     1.03021e+04    6.58795e-03
%     1.17724e+04    5.79462e-03
%     1.32426e+04    5.10085e-03
%     1.47129e+04    4.46851e-03
%     1.61832e+04    3.91837e-03
%     1.76535e+04    3.43232e-03
%     1.91238e+04    3.00948e-03
%     2.05941e+04    2.63908e-03
%     2.20644e+04    2.31466e-03
%     2.35347e+04    2.03443e-03
%     2.50050e+04    1.77154e-03
%     2.64753e+04    1.54131e-03
%     2.79456e+04    1.34307e-03
%     2.94159e+04    1.15338e-03
%     3.08862e+04    9.90922e-04
%     3.23565e+04    8.51741e-04
%     3.38268e+04    7.28808e-04
%     3.52971e+04    6.23544e-04
%     3.67674e+04    5.33410e-04
%     3.82376e+04    4.57257e-04
%     3.97079e+04    3.92391e-04
%     4.11782e+04    3.36850e-04
%     4.26485e+04    2.89273e-04
%     4.41188e+04    2.48503e-04
%     4.55891e+04    2.13667e-04
%     4.70594e+04    1.83901e-04
%     4.85297e+04    1.58059e-04
%     5.00000e+04    1.35548e-04];
dataRo=[  1.00000e+01    1.41635e-02
    1.48029e+03    1.23842e-02
    2.95059e+03    1.06464e-02
    4.42088e+03    9.10822e-03
    5.89118e+03    7.86955e-03
    7.36147e+03    6.83535e-03
    8.83176e+03    5.95531e-03
    1.03021e+04    5.19261e-03
    1.17724e+04    4.52030e-03
    1.32426e+04    3.92808e-03
    1.47129e+04    3.39696e-03
    1.61832e+04    2.93072e-03
    1.76535e+04    2.51624e-03
    1.91238e+04    2.15295e-03
    2.05941e+04    1.83758e-03
    2.20644e+04    1.55879e-03
    2.35347e+04    1.32428e-03
    2.50050e+04    1.11381e-03
    2.64753e+04    9.38235e-04
    2.79456e+04    7.86674e-04
    2.94159e+04    6.57509e-04
    3.08862e+04    5.49932e-04
    3.23565e+04    4.57079e-04
    3.38268e+04    3.79887e-04
    3.52971e+04    3.15539e-04
    3.67674e+04    2.61636e-04
    3.82376e+04    2.16736e-04
    3.97079e+04    1.79646e-04
    4.11782e+04    1.49257e-04
    4.26485e+04    1.23830e-04
    4.41188e+04    1.02555e-04
    4.55891e+04    8.56552e-05
    4.70594e+04    7.15422e-05
    4.85297e+04    5.96644e-05
    5.00000e+04    4.97345e-05];