global dataN

dataN=[1.00000e+01    1.68334e-04
    1.48029e+03    1.82304e-04
    2.95059e+03    1.93392e-04
    4.42088e+03    1.98520e-04
    5.89118e+03    1.85003e-04
    7.36147e+03    1.62373e-04
    8.83176e+03    1.36982e-04
    1.03021e+04    1.15608e-04
    1.17724e+04    9.71439e-05
    1.32426e+04    8.17511e-05
    1.47129e+04    6.63250e-05
    1.61832e+04    5.08773e-05
    1.76535e+04    3.90655e-05
    1.91238e+04    3.00454e-05
    2.05941e+04    2.31323e-05
    2.20644e+04    1.96880e-05
    2.35347e+04    1.63432e-05
    2.50050e+04    1.46893e-05
    2.64753e+04    1.30354e-05
    2.79456e+04    1.18828e-05
    2.94159e+04    1.10555e-05
    3.08862e+04    1.03125e-05
    3.23565e+04    1.19974e-05
    3.38268e+04    1.36824e-05
    3.52971e+04    1.57676e-05
    3.67674e+04    1.87061e-05
    3.82376e+04    2.16447e-05
    3.97079e+04    2.43314e-05
    4.11782e+04    2.64905e-05
    4.26485e+04    2.86495e-05
    4.41188e+04    3.08085e-05
    4.55891e+04    3.17474e-05
    4.70594e+04    3.25318e-05
    4.85297e+04    3.33163e-05
    5.00000e+04    3.40137e-05];