global dataP


% dataP=[1.00000e+01    6.61563e+02
%     1.48029e+03    5.81063e+02
%     2.95059e+03    5.11347e+02
%     4.42088e+03    4.49623e+02
%     5.89118e+03    3.94788e+02
%     7.36147e+03    3.45814e+02
%     8.83176e+03    3.02412e+02
%     1.03021e+04    2.64242e+02
%     1.17724e+04    2.30388e+02
%     1.32426e+04    2.00843e+02
%     1.47129e+04    1.74736e+02
%     1.61832e+04    1.52023e+02
%     1.76535e+04    1.31959e+02
%     1.91238e+04    1.14506e+02
%     2.05941e+04    9.91613e+01
%     2.20644e+04    8.56581e+01
%     2.35347e+04    7.39937e+01
%     2.50050e+04    6.36305e+01
%     2.64753e+04    5.46642e+01
%     2.79456e+04    4.69582e+01
%     2.94159e+04    4.02142e+01
%     3.08862e+04    3.44387e+01
%     3.23565e+04    2.94926e+01
%     3.38268e+04    2.52536e+01
%     3.52971e+04    2.16238e+01
%     3.67674e+04    1.85157e+01
%     3.82376e+04    1.58542e+01
%     3.97079e+04    1.35751e+01
%     4.11782e+04    1.16237e+01
%     4.26485e+04    9.94903e+00
%     4.41188e+04    8.50098e+00
%     4.55891e+04    7.26369e+00
%     4.70594e+04    6.20648e+00
%     4.85297e+04    5.29339e+00
%     5.00000e+04    4.50366e+00];
dataP=[0.00000e+00    5.23096e+02
    1.47059e+03    4.50087e+02
    2.94118e+03    3.87122e+02
    4.41176e+03    3.33278e+02
    5.88235e+03    2.87004e+02
    7.35294e+03    2.46873e+02
    8.82353e+03    2.12087e+02
    1.02941e+04    1.81641e+02
    1.17647e+04    1.55180e+02
    1.32353e+04    1.32219e+02
    1.47059e+04    1.12265e+02
    1.61765e+04    9.51043e+01
    1.76471e+04    8.03071e+01
    1.91176e+04    6.76413e+01
    2.05882e+04    5.68601e+01
    2.20588e+04    4.76383e+01
    2.35294e+04    3.99031e+01
    2.50000e+04    3.32859e+01
    2.64706e+04    2.77661e+01
    2.79412e+04    2.31225e+01
    2.94118e+04    1.92341e+01
    3.08824e+04    1.59993e+01
    3.23529e+04    1.33002e+01
    3.38235e+04    1.10565e+01
    3.52941e+04    9.19704e+00
    3.67647e+04    7.66065e+00
    3.82353e+04    6.38092e+00
    3.97059e+04    5.32265e+00
    4.11765e+04    4.45343e+00
    4.26471e+04    3.72616e+00
    4.41176e+04    3.11766e+00
    4.55882e+04    2.62205e+00
    4.70588e+04    2.20668e+00
    4.85294e+04    1.85711e+00
    5.00000e+04    1.56366e+00];
