global dataP


% dataP=[1.00000e+01    6.61563e+02
%     1.48029e+03    5.81063e+02
%     2.95059e+03    5.11347e+02
%     4.42088e+03    4.49623e+02
%     5.89118e+03    3.94788e+02
%     7.36147e+03    3.45814e+02
%     8.83176e+03    3.02412e+02
%     1.03021e+04    2.64242e+02
%     1.17724e+04    2.30388e+02
%     1.32426e+04    2.00843e+02
%     1.47129e+04    1.74736e+02
%     1.61832e+04    1.52023e+02
%     1.76535e+04    1.31959e+02
%     1.91238e+04    1.14506e+02
%     2.05941e+04    9.91613e+01
%     2.20644e+04    8.56581e+01
%     2.35347e+04    7.39937e+01
%     2.50050e+04    6.36305e+01
%     2.64753e+04    5.46642e+01
%     2.79456e+04    4.69582e+01
%     2.94159e+04    4.02142e+01
%     3.08862e+04    3.44387e+01
%     3.23565e+04    2.94926e+01
%     3.38268e+04    2.52536e+01
%     3.52971e+04    2.16238e+01
%     3.67674e+04    1.85157e+01
%     3.82376e+04    1.58542e+01
%     3.97079e+04    1.35751e+01
%     4.11782e+04    1.16237e+01
%     4.26485e+04    9.94903e+00
%     4.41188e+04    8.50098e+00
%     4.55891e+04    7.26369e+00
%     4.70594e+04    6.20648e+00
%     4.85297e+04    5.29339e+00
%     5.00000e+04    4.50366e+00];
dataP=[ 1.00000e+01    5.22569e+02
    1.48029e+03    4.49639e+02
    2.95059e+03    3.86749e+02
    4.42088e+03    3.32969e+02
    5.89118e+03    2.86746e+02
    7.36147e+03    2.46657e+02
    8.83176e+03    2.11903e+02
    1.03021e+04    1.81489e+02
    1.17724e+04    1.55051e+02
    1.32426e+04    1.32114e+02
    1.47129e+04    1.12176e+02
    1.61832e+04    9.50317e+01
    1.76535e+04    8.02464e+01
    1.91238e+04    6.75926e+01
    2.05941e+04    5.68198e+01
    2.20644e+04    4.76063e+01
    2.35347e+04    3.98770e+01
    2.50050e+04    3.32654e+01
    2.64753e+04    2.77499e+01
    2.79456e+04    2.31097e+01
    2.94159e+04    1.92242e+01
    3.08862e+04    1.59916e+01
    3.23565e+04    1.32943e+01
    3.38268e+04    1.10520e+01
    3.52971e+04    9.19368e+00
    3.67674e+04    7.65813e+00
    3.82376e+04    6.37905e+00
    3.97079e+04    5.32132e+00
    4.11782e+04    4.45248e+00
    4.26485e+04    3.72550e+00
    4.41188e+04    3.11722e+00
    4.55891e+04    2.62178e+00
    4.70594e+04    2.20653e+00
    4.85297e+04    1.85704e+00
    5.00000e+04    1.56366e+00];
