global dataN

dataN=[ 0.00000e+00    1.68986e-04
    1.47059e+03    1.82226e-04
    2.94118e+03    1.93324e-04
    4.41176e+03    1.98493e-04
    5.88235e+03    1.85095e-04
    7.35294e+03    1.62525e-04
    8.82353e+03    1.37101e-04
    1.02941e+04    1.15724e-04
    1.17647e+04    9.72240e-05
    1.32353e+04    8.18281e-05
    1.47059e+04    6.63991e-05
    1.61765e+04    5.09483e-05
    1.76471e+04    3.91052e-05
    1.91176e+04    3.00833e-05
    2.05882e+04    2.31461e-05
    2.20588e+04    1.97011e-05
    2.35294e+04    1.63492e-05
    2.50000e+04    1.46949e-05
    2.64706e+04    1.30407e-05
    2.79412e+04    1.18853e-05
    2.94118e+04    1.10578e-05
    3.08824e+04    1.03081e-05
    3.23529e+04    1.19934e-05
    3.38235e+04    1.36787e-05
    3.52941e+04    1.57617e-05
    3.67647e+04    1.87008e-05
    3.82353e+04    2.16400e-05
    3.97059e+04    2.43284e-05
    4.11765e+04    2.64879e-05
    4.26471e+04    2.86473e-05
    4.41176e+04    3.08068e-05
    4.55882e+04    3.17469e-05
    4.70588e+04    3.25315e-05
    4.85294e+04    3.33161e-05
    5.00000e+04    3.40137e-05];