global data;
data=0;
data =[ 7571.882912	 5.871e-32	 0.7500	0.0331
     7591.338418	 1.429e-31	 0.7600	0.0345
     7610.667957	 3.275e-31	 0.7800	0.0361
     7620.245922	 9.200e-32	 0.7700	0.0286
     7629.870300	 7.063e-31	 0.7800	0.0377
     7633.899343	 1.974e-31	 0.7800	0.0303
     7647.399661	 3.988e-31	 0.7800	0.0323
     7648.944108	 1.432e-30	 0.7900	0.0393
     7660.746566	 7.571e-31	 0.8000	0.0345
     7664.726287	 2.735e-29	 0.7500	0.0268
     7667.887942	 2.724e-30	 0.8000	0.0409
     7671.567083	 5.530e-32	 0.7400	0.0254
     7673.939628	 1.349e-30	 0.8000	0.0368
     7678.189540	 8.593e-32	 0.7500	0.0259
     7678.636022	 6.677e-29	 0.7600	0.0285
     7684.778550	 1.317e-31	 0.7500	0.0265
     7686.700261	 4.853e-30	 1.0600	0.0425
     7686.978310	 2.252e-30	 0.8100	0.0392
     7691.334093	 1.990e-31	 0.7600	0.0272
     7692.404571	 1.528e-28	 0.7700	0.0305
     7693.691687	 8.329e-32	 0.7500	0.0265
     7695.413709	 9.123e-32	 0.7500	0.0265
     7697.856145	 2.965e-31	 0.7600	0.0279
     7698.765966	 6.678e-32	 0.7700	0.0286
     7699.861972	 3.512e-30	 0.8100	0.0416
     7701.996270	 1.899e-31	 0.7600	0.0279
     7703.735579	 2.092e-31	 0.7600	0.0279
     7704.344675	 4.355e-31	 0.7700	0.0286
     7705.379431	 8.080e-30	 0.8100	0.0439
     7705.395147	 9.780e-32	 0.7800	0.0294
     7706.031691	 3.306e-28	 0.7800	0.0324
     7710.133028	 4.082e-31	 0.7800	0.0294
     7710.799647	 6.307e-31	 0.7800	0.0294
     7711.889719	 4.523e-31	 0.7800	0.0294
     7711.990081	 1.411e-31	 0.7800	0.0303
     7712.589889	 5.096e-30	 0.8300	0.0438
     7717.221020	 9.002e-31	 0.7800	0.0303
     7718.102749	 8.262e-31	 0.7800	0.0313
     7718.550706	 2.006e-31	 0.7800	0.0313
     7719.517029	 6.741e-28	 0.7800	0.0345
     7719.876938	 9.219e-31	 0.7800	0.0313
     7723.608749	 1.266e-30	 0.7800	0.0313
     7723.923733	 1.253e-29	 0.8700	0.0453
     7725.076959	 2.809e-31	 0.7800	0.0323
     7725.161277	 6.844e-30	 0.8300	0.0459
     7725.906090	 1.573e-30	 0.7900	0.0333
     7727.697919	 1.769e-30	 0.7900	0.0333
     7729.962780	 1.756e-30	 0.7800	0.0323
     7731.568770	 3.875e-31	 0.7900	0.0333
     7732.860129	 1.287e-27	 0.7900	0.0365
     7733.543581	 2.811e-30	 0.8000	0.0356
     7735.353227	 3.193e-30	 0.8000	0.0356
     7736.283058	 2.398e-30	 0.7900	0.0333
     7737.575337	 8.434e-30	 0.8400	0.0478
     7738.026063	 5.262e-31	 0.8000	0.0345
     7741.015625	 4.712e-30	 0.8000	0.0380
     7742.331379	 1.799e-29	 0.6200	0.0466
     7742.569519	 3.226e-30	 0.8000	0.0345
     7742.843312	 5.413e-30	 0.8000	0.0380
     7744.448759	 7.036e-31	 0.8000	0.0356
     7746.060434	 2.305e-27	 0.8000	0.0386
     7748.322502	 7.386e-30	 0.8100	0.0404
     7748.822097	 4.276e-30	 0.8000	0.0356
     7749.831359	 9.399e-30	 0.8400	0.0496
     7750.123197	 2.151e-29	 0.7300	0.0245
     7750.168526	 8.604e-30	 0.8100	0.0404
     7750.836772	 9.261e-31	 0.8000	0.0368
     7751.806837	 2.347e-29	 0.7300	0.0245
     7755.040720	 5.579e-30	 0.8000	0.0368
     7755.464374	 1.079e-29	 0.8300	0.0427
     7757.190015	 1.199e-30	 0.8000	0.0380
     7757.329132	 1.279e-29	 0.8300	0.0427
     7758.635763	 5.585e-29	 0.7400	0.0260
     7758.779565	 7.214e-32	 0.7300	0.0245
     7759.117293	 3.884e-27	 0.8100	0.0406
     7760.336532	 6.067e-29	 0.7400	0.0260
     7760.479278	 7.837e-32	 0.7300	0.0245
     7760.600531	 2.377e-29	 0.8500	0.0479
     7760.918373	 5.485e-32	 0.7400	0.0317
     7761.225310	 7.166e-30	 0.8000	0.0380
     7761.928955	 9.215e-30	 0.8400	0.0513
     7762.441282	 1.464e-29	 0.8300	0.0449
     7762.817979	 1.137e-31	 0.7400	0.0249
     7763.508391	 1.528e-30	 0.8100	0.0392
     7764.325333	 1.773e-29	 0.8300	0.0449
     7764.525753	 1.238e-31	 0.7400	0.0249
     7766.819120	 1.767e-31	 0.7400	0.0254
     7766.990507	 1.361e-28	 0.7500	0.0276
     7767.375786	 9.057e-30	 0.8100	0.0392
     7768.534971	 1.928e-31	 0.7400	0.0254
     7768.708475	 1.486e-28	 0.7500	0.0276
     7769.253154	 1.830e-29	 0.8500	0.0469
     7769.255434	 1.339e-31	 0.7500	0.0331
     7769.791805	 1.915e-30	 0.8100	0.0404
     7770.783084	 2.710e-31	 0.7500	0.0259
     7771.121860	 6.143e-32	 0.7500	0.0265
     7771.157317	 2.281e-29	 0.8500	0.0469
     7772.029971	 6.067e-27	 0.8100	0.0424
     7772.507025	 2.963e-31	 0.7500	0.0259
     7772.847325	 6.730e-32	 0.7500	0.0265
     7773.492062	 1.126e-29	 0.8100	0.0404
     7773.868732	 7.464e-30	 0.8400	0.0533
     7774.709959	 4.096e-31	 0.7500	0.0265
     7775.115906	 9.267e-32	 0.7600	0.0272
     7775.188271	 3.139e-28	 0.7600	0.0294
     7775.899802	 2.084e-29	 0.8400	0.0487
     7776.040154	 2.358e-30	 0.8100	0.0416
     7776.442007	 4.491e-31	 0.7500	0.0265
     7776.849734	 1.018e-31	 0.7600	0.0272
     7776.923520	 3.435e-28	 0.7600	0.0294
     7777.435478	 3.082e-31	 0.7600	0.0345
     7777.825359	 2.701e-29	 0.8400	0.0487
     7778.599828	 6.107e-31	 0.7600	0.0272
     7778.729357	 2.855e-29	 0.7400	0.0493
     7779.072220	 1.378e-31	 0.7600	0.0279
     7779.574050	 1.377e-29	 0.8100	0.0416
     7780.340002	 6.713e-31	 0.7600	0.0272
     7780.814430	 1.518e-31	 0.7600	0.0279
     7782.253333	 2.853e-30	 0.8300	0.0427
     7782.380926	 2.120e-29	 0.8400	0.0504
     7782.389224	 7.715e-32	 0.7400	0.0249
     7782.452769	 8.977e-31	 0.7600	0.0279
     7782.990864	 2.019e-31	 0.7700	0.0286
     7783.229783	 6.805e-28	 0.7700	0.0314
     7784.201087	 9.896e-31	 0.7600	0.0279
     7784.330055	 2.909e-29	 0.8400	0.0504
     7784.741480	 2.231e-31	 0.7700	0.0286
     7784.797658	 8.860e-27	 0.8300	0.0443
     7784.982411	 7.511e-28	 0.7700	0.0314
     7785.402178	 1.875e-31	 0.7500	0.0259
     7785.459219	 6.681e-31	 0.7800	0.0361
     7785.621655	 1.655e-29	 0.8300	0.0427
     7785.654784	 4.080e-30	 0.8400	0.0555
     7786.268852	 1.301e-30	 0.7700	0.0286
     7786.871898	 2.916e-31	 0.7800	0.0294
     7787.124200	 5.131e-32	 0.7500	0.0259
     7788.025337	 1.438e-30	 0.7700	0.0286
     7788.230074	 4.303e-31	 0.7600	0.0272
     7788.431236	 3.390e-30	 0.8300	0.0438
     7788.630944	 3.232e-31	 0.7800	0.0294
     7788.696114	 1.848e-29	 0.8400	0.0523
     7789.969382	 1.184e-31	 0.7600	0.0272
     7790.048145	 1.858e-30	 0.7800	0.0294
     7790.483190	 9.995e-32	 0.7600	0.0272
     7790.672999	 2.778e-29	 0.8400	0.0523
     7790.715374	 4.149e-31	 0.7800	0.0303
     7790.874833	 9.315e-31	 0.7700	0.0286
     7791.115656	 1.387e-27	 0.7800	0.0334
     7791.634783	 1.953e-29	 0.8300	0.0438
     7791.812820	 2.061e-30	 0.7800	0.0294
     7792.482878	 4.615e-31	 0.7800	0.0303
     7792.631524	 2.578e-31	 0.7700	0.0286
     7792.885779	 1.541e-27	 0.7800	0.0334
     7793.110135	 2.151e-31	 0.7700	0.0286
     7793.327255	 1.363e-30	 0.7800	0.0377
     7793.338240	 1.901e-30	 0.7800	0.0303
     7793.790708	 2.617e-30	 0.7800	0.0303
     7794.521341	 5.816e-31	 0.7800	0.0313
     7794.573754	 3.951e-30	 0.8300	0.0449
     7794.844845	 1.240e-29	 0.8400	0.0543
     7795.112429	 5.297e-31	 0.7800	0.0303
     7795.555666	 4.361e-31	 0.7800	0.0303
     7795.563598	 2.913e-30	 0.7800	0.0303
     7795.621947	 3.654e-30	 0.7800	0.0323
     7796.297332	 6.493e-31	 0.7800	0.0313
     7796.716124	 3.049e-29	 0.8000	0.0508
     7796.859268	 2.206e-29	 0.8400	0.0543
     7797.413776	 1.026e-30	 0.7800	0.0323
     7797.419502	 1.191e-26	 0.8300	0.0460
     7797.496595	 3.631e-30	 0.7800	0.0313
     7797.613337	 2.263e-29	 0.8300	0.0449
     7797.727475	 6.608e-30	 0.8000	0.0345
     7797.821414	 8.320e-31	 0.7800	0.0323
     7798.289839	 8.031e-31	 0.7800	0.0323
     7798.846390	 2.651e-27	 0.7900	0.0355
     7799.277729	 4.057e-30	 0.7800	0.0313
     7799.537120	 1.874e-30	 0.8000	0.0345
     7799.656219	 1.123e-29	 0.8000	0.0368
     7799.908876	 1.492e-30	 0.8000	0.0345
     7800.074352	 9.001e-31	 0.7800	0.0323
     7800.634154	 2.985e-27	 0.7900	0.0355
