sincc=[ -2.5000000e+002  3.9566001e-003
 -2.4900000e+002  3.9566001e-003
 -2.4800000e+002  3.9566001e-003
 -2.4700000e+002  4.9556406e-003
 -2.4600000e+002  4.9556406e-003
 -2.4500000e+002  4.9556406e-003
 -2.4400000e+002  4.9556406e-003
 -2.4300000e+002  4.9556406e-003
 -2.4200000e+002  4.9556406e-003
 -2.4100000e+002  5.9546811e-003
 -2.4000000e+002  5.9546811e-003
 -2.3900000e+002  5.9546811e-003
 -2.3800000e+002  5.9546811e-003
 -2.3700000e+002  5.9546811e-003
 -2.3600000e+002  6.9537216e-003
 -2.3500000e+002  6.9537216e-003
 -2.3400000e+002  6.9537216e-003
 -2.3300000e+002  6.9537216e-003
 -2.3200000e+002  6.9537216e-003
 -2.3100000e+002  6.9537216e-003
 -2.3000000e+002  7.9527622e-003
 -2.2900000e+002  7.9527622e-003
 -2.2800000e+002  7.9527622e-003
 -2.2700000e+002  7.9527622e-003
 -2.2600000e+002  7.9527622e-003
 -2.2500000e+002  7.9527622e-003
 -2.2400000e+002  7.9527622e-003
 -2.2300000e+002  7.9527622e-003
 -2.2200000e+002  7.9527622e-003
 -2.2100000e+002  7.9527622e-003
 -2.2000000e+002  7.9527622e-003
 -2.1900000e+002  7.9527622e-003
 -2.1800000e+002  7.9527622e-003
 -2.1700000e+002  7.9527622e-003
 -2.1600000e+002  7.9527622e-003
 -2.1500000e+002  7.9527622e-003
 -2.1400000e+002  7.9527622e-003
 -2.1300000e+002  7.9527622e-003
 -2.1200000e+002  7.9527622e-003
 -2.1100000e+002  7.9527622e-003
 -2.1000000e+002  7.9527622e-003
 -2.0900000e+002  7.9527622e-003
 -2.0800000e+002  7.9527622e-003
 -2.0700000e+002  7.9527622e-003
 -2.0600000e+002  7.9527622e-003
 -2.0500000e+002  7.9527622e-003
 -2.0400000e+002  7.9527622e-003
 -2.0300000e+002  7.9527622e-003
 -2.0200000e+002  7.9527622e-003
 -2.0100000e+002  7.9527622e-003
 -2.0000000e+002  7.9527622e-003
 -1.9900000e+002  7.9527622e-003
 -1.9800000e+002  7.9527622e-003
 -1.9700000e+002  7.9527622e-003
 -1.9600000e+002  7.9527622e-003
 -1.9500000e+002  7.9527622e-003
 -1.9400000e+002  7.9527622e-003
 -1.9300000e+002  7.9527622e-003
 -1.9200000e+002  7.9527622e-003
 -1.9100000e+002  7.9527622e-003
 -1.9000000e+002  7.9527622e-003
 -1.8900000e+002  7.9527622e-003
 -1.8800000e+002  7.9527622e-003
 -1.8700000e+002  7.9527622e-003
 -1.8600000e+002  7.9527622e-003
 -1.8500000e+002  7.9527622e-003
 -1.8400000e+002  7.9527622e-003
 -1.8300000e+002  8.9518027e-003
 -1.8200000e+002  8.9518027e-003
 -1.8100000e+002  8.9518027e-003
 -1.8000000e+002  9.9508432e-003
 -1.7900000e+002  9.9508432e-003
 -1.7800000e+002  9.9508432e-003
 -1.7700000e+002  1.0949884e-002
 -1.7600000e+002  1.0949884e-002
 -1.7500000e+002  1.1948924e-002
 -1.7400000e+002  1.2947965e-002
 -1.7300000e+002  1.2947965e-002
 -1.7200000e+002  1.3947005e-002
 -1.7100000e+002  1.3947005e-002
 -1.7000000e+002  1.4946046e-002
 -1.6900000e+002  1.4946046e-002
 -1.6800000e+002  1.5945086e-002
 -1.6700000e+002  1.5945086e-002
 -1.6600000e+002  1.6944127e-002
 -1.6500000e+002  1.6944127e-002
 -1.6400000e+002  1.7943167e-002
 -1.6300000e+002  1.7943167e-002
 -1.6200000e+002  1.7943167e-002
 -1.6100000e+002  1.8942208e-002
 -1.6000000e+002  1.8942208e-002
 -1.5900000e+002  1.8942208e-002
 -1.5800000e+002  1.8942208e-002
 -1.5700000e+002  1.8942208e-002
 -1.5600000e+002  1.8942208e-002
 -1.5500000e+002  1.8942208e-002
 -1.5400000e+002  1.8942208e-002
 -1.5300000e+002  1.8942208e-002
 -1.5200000e+002  1.7943167e-002
 -1.5100000e+002  1.7943167e-002
 -1.5000000e+002  1.7943167e-002
 -1.4900000e+002  1.6944127e-002
 -1.4800000e+002  1.6944127e-002
 -1.4700000e+002  1.6944127e-002
 -1.4600000e+002  1.5945086e-002
 -1.4500000e+002  1.5945086e-002
 -1.4400000e+002  1.4946046e-002
 -1.4300000e+002  1.4946046e-002
 -1.4200000e+002  1.3947005e-002
 -1.4100000e+002  1.2947965e-002
 -1.4000000e+002  1.2947965e-002
 -1.3900000e+002  1.1948924e-002
 -1.3800000e+002  1.1948924e-002
 -1.3700000e+002  1.0949884e-002
 -1.3600000e+002  1.0949884e-002
 -1.3500000e+002  9.9508432e-003
 -1.3400000e+002  9.9508432e-003
 -1.3300000e+002  9.9508432e-003
 -1.3200000e+002  8.9518027e-003
 -1.3100000e+002  8.9518027e-003
 -1.3000000e+002  8.9518027e-003
 -1.2900000e+002  8.9518027e-003
 -1.2800000e+002  8.9518027e-003
 -1.2700000e+002  8.9518027e-003
 -1.2600000e+002  8.9518027e-003
 -1.2500000e+002  8.9518027e-003
 -1.2400000e+002  8.9518027e-003
 -1.2300000e+002  9.9508432e-003
 -1.2200000e+002  9.9508432e-003
 -1.2100000e+002  1.0949884e-002
 -1.2000000e+002  1.0949884e-002
 -1.1900000e+002  1.1948924e-002
 -1.1800000e+002  1.2947965e-002
 -1.1700000e+002  1.3947005e-002
 -1.1600000e+002  1.4946046e-002
 -1.1500000e+002  1.5945086e-002
 -1.1400000e+002  1.6944127e-002
 -1.1300000e+002  1.8942208e-002
 -1.1200000e+002  1.9941248e-002
 -1.1100000e+002  2.0940289e-002
 -1.1000000e+002  2.2938370e-002
 -1.0900000e+002  2.3937411e-002
 -1.0800000e+002  2.5935492e-002
 -1.0700000e+002  2.6934532e-002
 -1.0600000e+002  2.8932613e-002
 -1.0500000e+002  2.9931654e-002
 -1.0400000e+002  3.1929735e-002
 -1.0300000e+002  3.3927816e-002
 -1.0200000e+002  3.4926856e-002
 -1.0100000e+002  3.5925897e-002
 -1.0000000e+002  3.7923978e-002
 -9.9000000e+001  3.8923018e-002
 -9.8000000e+001  3.9922059e-002
 -9.7000000e+001  4.1920140e-002
 -9.6000000e+001  4.2919180e-002
 -9.5000000e+001  4.3918221e-002
 -9.4000000e+001  4.4917261e-002
 -9.3000000e+001  4.4917261e-002
 -9.2000000e+001  4.5916302e-002
 -9.1000000e+001  4.5916302e-002
 -9.0000000e+001  4.6915343e-002
 -8.9000000e+001  4.6915343e-002
 -8.8000000e+001  4.6915343e-002
 -8.7000000e+001  4.6915343e-002
 -8.6000000e+001  4.6915343e-002
 -8.5000000e+001  4.6915343e-002
 -8.4000000e+001  4.6915343e-002
 -8.3000000e+001  4.6915343e-002
 -8.2000000e+001  4.5916302e-002
 -8.1000000e+001  4.5916302e-002
 -8.0000000e+001  4.5916302e-002
 -7.9000000e+001  4.4917261e-002
 -7.8000000e+001  4.4917261e-002
 -7.7000000e+001  4.4917261e-002
 -7.6000000e+001  4.3918221e-002
 -7.5000000e+001  4.3918221e-002
 -7.4000000e+001  4.3918221e-002
 -7.3000000e+001  4.3918221e-002
 -7.2000000e+001  4.3918221e-002
 -7.1000000e+001  4.3918221e-002
 -7.0000000e+001  4.4917261e-002
 -6.9000000e+001  4.5916302e-002
 -6.8000000e+001  4.6915343e-002
 -6.7000000e+001  4.7914383e-002
 -6.6000000e+001  4.9912464e-002
 -6.5000000e+001  5.1910545e-002
 -6.4000000e+001  5.3908626e-002
 -6.3000000e+001  5.6905748e-002
 -6.2000000e+001  5.9902869e-002
 -6.1000000e+001  6.3899031e-002
 -6.0000000e+001  6.7895193e-002
 -5.9000000e+001  7.2890396e-002
 -5.8000000e+001  7.8884639e-002
 -5.7000000e+001  8.4878882e-002
 -5.6000000e+001  9.1872166e-002
 -5.5000000e+001  9.8865450e-002
 -5.4000000e+001  1.0685777e-001
 -5.3000000e+001  1.1584914e-001
 -5.2000000e+001  1.2583954e-001
 -5.1000000e+001  1.3582995e-001
 -5.0000000e+001  1.4681939e-001
 -4.9000000e+001  1.5880788e-001
 -4.8000000e+001  1.7179541e-001
 -4.7000000e+001  1.8478293e-001
 -4.6000000e+001  1.9876950e-001
 -4.5000000e+001  2.1375511e-001
 -4.4000000e+001  2.2973976e-001
 -4.3000000e+001  2.4672345e-001
 -4.2000000e+001  2.6370714e-001
 -4.1000000e+001  2.8168987e-001
 -4.0000000e+001  3.0067163e-001
 -3.9000000e+001  3.1965340e-001
 -3.8000000e+001  3.3963422e-001
 -3.7000000e+001  3.6061407e-001
 -3.6000000e+001  3.8159392e-001
 -3.5000000e+001  4.0357281e-001
 -3.4000000e+001  4.2555170e-001
 -3.3000000e+001  4.4753059e-001
 -3.2000000e+001  4.7050852e-001
 -3.1000000e+001  4.9348646e-001
 -3.0000000e+001  5.1746343e-001
 -2.9000000e+001  5.4044136e-001
 -2.8000000e+001  5.6441833e-001
 -2.7000000e+001  5.8839531e-001
 -2.6000000e+001  6.1237228e-001
 -2.5000000e+001  6.3535021e-001
 -2.4000000e+001  6.5932718e-001
 -2.3000000e+001  6.8230511e-001
 -2.2000000e+001  7.0528305e-001
 -2.1000000e+001  7.2826098e-001
 -2.0000000e+001  7.5023987e-001
 -1.9000000e+001  7.7121972e-001
 -1.8000000e+001  7.9219957e-001
 -1.7000000e+001  8.1218038e-001
 -1.6000000e+001  8.3216119e-001
