profile=[  -600.0000      -39.49706      1.5800000E-03
  -598.0000      -39.36531      1.8100000E-03
  -596.0000      -39.23355      2.0500000E-03
  -594.0000      -39.10181      2.2400001E-03
  -592.0000      -38.97006      2.3500000E-03
  -590.0000      -38.83831      2.3600000E-03
  -588.0000      -38.70657      2.2499999E-03
  -586.0000      -38.57482      2.0300001E-03
  -584.0000      -38.44307      1.7300000E-03
  -582.0000      -38.31133      1.3600000E-03
  -580.0000      -38.17958      9.6568698E-04
  -578.0000      -38.04784      5.9819903E-04
  -576.0000      -37.91610      2.9542801E-04
  -574.0000      -37.78435      9.1045098E-05
  -572.0000      -37.65261      6.2819799E-06
  -570.0000      -37.52087      4.7100999E-05
  -568.0000      -37.38913      2.0346200E-04
  -566.0000      -37.25739      4.5078900E-04
  -564.0000      -37.12565      7.5343699E-04
  -562.0000      -36.99391      1.0700000E-03
  -560.0000      -36.86217      1.3600000E-03
  -558.0000      -36.73043      1.5800000E-03
  -556.0000      -36.59869      1.7100000E-03
  -554.0000      -36.46696      1.7400000E-03
  -552.0000      -36.33522      1.6700000E-03
  -550.0000      -36.20349      1.5200000E-03
  -548.0000      -36.07175      1.3100000E-03
  -546.0000      -35.94002      1.0900000E-03
  -544.0000      -35.80828      8.9018297E-04
  -542.0000      -35.67655      7.5135799E-04
  -540.0000      -35.54482      6.9729402E-04
  -538.0000      -35.41309      7.4112299E-04
  -536.0000      -35.28136      8.8121498E-04
  -534.0000      -35.14963      1.1000000E-03
  -532.0000      -35.01790      1.3700000E-03
  -530.0000      -34.88617      1.6600000E-03
  -528.0000      -34.75444      1.9300000E-03
  -526.0000      -34.62271      2.1400000E-03
  -524.0000      -34.49099      2.2700001E-03
  -522.0000      -34.35926      2.3000001E-03
  -520.0000      -34.22753      2.2400001E-03
  -518.0000      -34.09581      2.1100000E-03
  -516.0000      -33.96408      1.9499999E-03
  -514.0000      -33.83236      1.8000000E-03
  -512.0000      -33.70063      1.6899999E-03
  -510.0000      -33.56891      1.6899999E-03
  -508.0000      -33.43719      1.8300000E-03
  -506.0000      -33.30547      2.1299999E-03
  -504.0000      -33.17375      2.5899999E-03
  -502.0000      -33.04203      3.1999999E-03
  -500.0000      -32.91031      3.9300001E-03
  -498.0000      -32.77859      4.7399998E-03
  -496.0000      -32.64687      5.5700000E-03
  -494.0000      -32.51515      6.3700001E-03
  -492.0000      -32.38343      7.0699998E-03
  -490.0000      -32.25172      7.6500000E-03
  -488.0000      -32.12000      8.0599999E-03
  -486.0000      -31.98829      8.3100004E-03
  -484.0000      -31.85657      8.3900001E-03
  -482.0000      -31.72486      8.3200000E-03
  -480.0000      -31.59315      8.1500001E-03
  -478.0000      -31.46143      7.8999996E-03
  -476.0000      -31.32972      7.6199998E-03
  -474.0000      -31.19801      7.3400000E-03
  -472.0000      -31.06630      7.0900000E-03
  -470.0000      -30.93459      6.8600001E-03
  -468.0000      -30.80288      6.6499999E-03
  -466.0000      -30.67117      6.4500002E-03
  -464.0000      -30.53946      6.2400000E-03
  -462.0000      -30.40775      5.9699998E-03
  -460.0000      -30.27605      5.6300000E-03
  -458.0000      -30.14434      5.2000000E-03
  -456.0000      -30.01263      4.6700002E-03
  -454.0000      -29.88093      4.0500001E-03
  -452.0000      -29.74922      3.3700000E-03
  -450.0000      -29.61752      2.6700001E-03
  -448.0000      -29.48582      1.9900000E-03
  -446.0000      -29.35411      1.4000000E-03
  -444.0000      -29.22241      9.4448501E-04
  -442.0000      -29.09071      6.6732999E-04
  -440.0000      -28.95901      5.9762399E-04
  -438.0000      -28.82731      7.4500497E-04
  -436.0000      -28.69561      1.1000000E-03
  -434.0000      -28.56391      1.6300000E-03
  -432.0000      -28.43221      2.2799999E-03
  -430.0000      -28.30051      3.0100001E-03
  -428.0000      -28.16882      3.7400001E-03
  -426.0000      -28.03712      4.4100001E-03
  -424.0000      -27.90542      4.9800002E-03
  -422.0000      -27.77373      5.4000001E-03
  -420.0000      -27.64203      5.6699999E-03
  -418.0000      -27.51034      5.7700002E-03
  -416.0000      -27.37865      5.7299999E-03
  -414.0000      -27.24695      5.5900002E-03
  -412.0000      -27.11526      5.3699999E-03
  -410.0000      -26.98357      5.1199999E-03
  -408.0000      -26.85188      4.8799999E-03
  -406.0000      -26.72019      4.6799998E-03
  -404.0000      -26.58850      4.5200000E-03
  -402.0000      -26.45681      4.4100001E-03
  -400.0000      -26.32512      4.3199998E-03
  -398.0000      -26.19343      4.2400002E-03
  -396.0000      -26.06175      4.1299998E-03
  -394.0000      -25.93006      3.9599999E-03
  -392.0000      -25.79837      3.7100001E-03
  -390.0000      -25.66669      3.3700000E-03
  -388.0000      -25.53501      2.9500001E-03
  -386.0000      -25.40332      2.4699999E-03
  -384.0000      -25.27164      1.9700001E-03
  -382.0000      -25.13996      1.4900001E-03
  -380.0000      -25.00827      1.1000000E-03
  -378.0000      -24.87659      8.3730300E-04
  -376.0000      -24.74491      7.5617101E-04
  -374.0000      -24.61323      8.8299799E-04
  -372.0000      -24.48155      1.2300001E-03
  -370.0000      -24.34987      1.7700000E-03
  -368.0000      -24.21819      2.4900001E-03
  -366.0000      -24.08652      3.3300000E-03
  -364.0000      -23.95484      4.2099999E-03
  -362.0000      -23.82316      5.0700000E-03
  -360.0000      -23.69148      5.8499998E-03
  -358.0000      -23.55981      6.4699999E-03
  -356.0000      -23.42813      6.9100000E-03
  -354.0000      -23.29646      7.1399999E-03
  -352.0000      -23.16479      7.1600000E-03
  -350.0000      -23.03312      6.9900001E-03
  -348.0000      -22.90144      6.6800001E-03
  -346.0000      -22.76977      6.2600002E-03
  -344.0000      -22.63810      5.8100000E-03
  -342.0000      -22.50643      5.3500002E-03
  -340.0000      -22.37476      4.9399999E-03
  -338.0000      -22.24309      4.6000001E-03
  -336.0000      -22.11142      4.3299999E-03
  -334.0000      -21.97976      4.1299998E-03
  -332.0000      -21.84809      3.9700000E-03
  -330.0000      -21.71642      3.8300001E-03
  -328.0000      -21.58475      3.6800001E-03
  -326.0000      -21.45309      3.4800000E-03
  -324.0000      -21.32143      3.2299999E-03
  -322.0000      -21.18976      2.9300000E-03
  -320.0000      -21.05810      2.5899999E-03
  -318.0000      -20.92644      2.2499999E-03
  -316.0000      -20.79477      1.9400000E-03
  -314.0000      -20.66311      1.7300000E-03
  -312.0000      -20.53145      1.6600000E-03
  -310.0000      -20.39979      1.7600000E-03
  -308.0000      -20.26813      2.0699999E-03
  -306.0000      -20.13647      2.5700000E-03
  -304.0000      -20.00481      3.2599999E-03
  -302.0000      -19.87316      4.0899999E-03
  -300.0000      -19.74150      4.9999999E-03
  -298.0000      -19.60984      5.9000002E-03
  -296.0000      -19.47819      6.7199999E-03
  -294.0000      -19.34653      7.3799998E-03
  -292.0000      -19.21488      7.8199999E-03
  -290.0000      -19.08322      8.0100000E-03
  -288.0000      -18.95157      7.9300003E-03
  -286.0000      -18.81992      7.5900001E-03
  -284.0000      -18.68826      7.0300000E-03
  -282.0000      -18.55661      6.3200002E-03
  -280.0000      -18.42496      5.5200001E-03
  -278.0000      -18.29331      4.7200001E-03
  -276.0000      -18.16166      3.9900001E-03
  -274.0000      -18.03001      3.4000000E-03
  -272.0000      -17.89836      2.9899999E-03
  -270.0000      -17.76672      2.7900001E-03
  -268.0000      -17.63507      2.7900001E-03
  -266.0000      -17.50342      2.9899999E-03
  -264.0000      -17.37178      3.3600000E-03
  -262.0000      -17.24013      3.8699999E-03
